15,1
4,2
9,3
2,4
7,5
16,6
6,7
8,8
12,9
3,10
10,11
11,12
13,13
1,14
14,15
5,16
